! File Name: 500504.DAT Test Data Listing TR518SII
! Board: 500504      
! 
!Step   Parts-N                      BOM-V     LC  Hi-P  Lo-P G-P1  G-P2  G-P3  G-P4  G-P5  Skip Type  CanATL  AnaSkip  TJ_Source TJ-Frequency
!       Meas-V                       ExpectV  +Lm%     -Lm%        DLY MODE  AVGE  RPT   SMP  OFFSET  DEV% Ver
   1 C102-PX                          0.200    B4   371  261   386     0     0     0     0  0  PX   0   0 0.0 0.000
                             0.00V    0.120V  -1.000000 20.000000  100     8     0     3     0   0.000    0.0  0
   2 C121-PX                          0.200    B4   371  261   388     0     0     0     0  0  PX   0   0 0.0 0.000
                             0.00V    0.120V  -1.000000 20.000000  150     8     0     3     0   0.000    0.0  0
   3 C133-PX                          0.200    B4   370  371   389     0     0     0     0  0  PX   0   0 0.0 0.000
                             0.00V    0.120V  -1.000000 20.000000  100     8     0     3     0   0.000    0.0  0
   4 C111-PX                          0.200    B4   370  371   387     0     0     0     0  0  PX   0   0 0.0 0.000
                             0.00V    0.120V  -1.000000 20.000000  150     8     0     3     0   0.000    0.0  0
   5 T100_1_2                         4.000    A3   364  363     0     0     0     0     0  0  J   0   0 0.0 0.000
                             0.00     4.000   10.000000 10.000000   20     0     0     0     0   0.000    0.0  0
   6 T100_1_3                         1.000    A3   364  362     0     0     0     0     0  0  J   0   0 0.0 0.000
                             0.00     1.000   10.000000 10.000000   20     0     0     0     0   0.000    0.0  0
   7 T100_2_3                         4.000    A3   363  362     0     0     0     0     0  0  J   0   0 0.0 0.000
                             0.00     4.000   10.000000 10.000000   20     0     0     0     0   0.000    0.0  0
   8 T100_3_4                         4.000    A3   362  348     0     0     0     0     0  0  J   0   0 0.0 0.000
                             0.00     4.000   10.000000 10.000000   20     0     0     0     0   0.000    0.0  0
   9 T100_4_5                         4.000    A3   348  347     0     0     0     0     0  0  J   0   0 0.0 0.000
                             0.00     4.000   10.000000 10.000000   20     0     0     0     0   0.000    0.0  0
  10 T100_5_6                         4.000    A3   347  367     0     0     0     0     0  0  J   0   0 0.0 0.000
                             0.00     4.000   10.000000 10.000000   20     0     0     0     0   0.000    0.0  0
  11 T100_6_7                         4.000    A3   367  366     0     0     0     0     0  0  J   0   0 0.0 0.000
                             0.00     4.000   10.000000 10.000000   20     0     0     0     0   0.000    0.0  0
  12 T100_7_8                         4.000    A3   366  365     0     0     0     0     0  0  J   0   0 0.0 0.000
                             0.00     4.000   10.000000 10.000000   20     0     0     0     0   0.000    0.0  0
  13 T100_8_9                         4.000    A3   365  371     0     0     0     0     0  0  J   0   0 0.0 0.000
                             0.00     4.000   10.000000 10.000000   20     0     0     0     0   0.000    0.0  0
  14 T100_9_10                        1.000    A3   371  346     0     0     0     0     0  0  J   0   0 0.0 0.000
                             0.00     1.000   10.000000 10.000000   20     1     0     0     0   0.000    0.0  0
  15 T100_10_1                        4.000    A3   346  364     0     0     0     0     0  0  J   0   0 0.0 0.000
                             0.00     4.000   10.000000 10.000000   20     0     0     0     0   0.000    0.0  0
  16 D100/NC                         -1.000V   D3   379  307     0     0     0     0     0  1  D   0   0 0.0 0.000
                             0.00V    1.000V  20.000000 20.000000   20     1     0     0     0   0.000    0.0  0
  17 D100_1                           1.500V   D3   307  379     0     0     0     0     0  1  D   0   0 0.0 0.000
                             0.00V    1.500V  -1.000000 30.000000    0     1     0     0     0   0.000    0.0  0
  18 D101/NC                         -1.000V   D2   379  306     0     0     0     0     0  1  D   0   0 0.0 0.000
                             0.00V    1.000V  20.000000 20.000000   20     1     0     0     0   0.000    0.0  0
  19 D101_1                           1.500V   D2   306  379     0     0     0     0     0  1  D   0   0 0.0 0.000
                             0.00V    1.500V  -1.000000 30.000000    0     1     0     0     0   0.000    0.0  0
  20 D102/NC                         -1.000V   E2   379  301     0     0     0     0     0  1  D   0   0 0.0 0.000
                             0.00V    1.000V  20.000000 20.000000   20     1     0     0     0   0.000    0.0  0
  21 D102_1                           1.500V   E2   301  379     0     0     0     0     0  1  D   0   0 0.0 0.000
                             0.00V    1.500V  -1.000000 30.000000    0     1     0     0     0   0.000    0.0  0
  22 D103/TVS                         0.700V   A3   371  261     0     0     0     0     0  0  D   0   0 0.0 0.000
                             0.00V    0.700V  -1.000000 20.000000  100     1     0    68     0   0.000    0.0  0
  23 D103_1                           0.700V   A3   261  371     0     0     0     0     0  0  D   0   0 0.0 0.000
                             0.00V    0.700V  -1.000000 30.000000  100     1     0    68     0   0.000    0.0  0
  24 D104/NC                         -1.000V   D3   307  358     0     0     0     0     0  1  D   0   0 0.0 0.000
                             0.00V    1.000V  20.000000 20.000000   20     1     0     0     0   0.000    0.0  0
  25 D104_1                           1.500V   D3   358  307     0     0     0     0     0  1  D   0   0 0.0 0.000
                             0.00V    1.500V  -1.000000 30.000000    0     1     0     0     0   0.000    0.0  0
  26 D105/NC                         -1.000V   E2   306  358     0     0     0     0     0  1  D   0   0 0.0 0.000
                             0.00V    1.000V  20.000000 20.000000   20     1     0     0     0   0.000    0.0  0
  27 D105_1                           1.500V   E2   358  306     0     0     0     0     0  1  D   0   0 0.0 0.000
                             0.00V    1.500V  -1.000000 30.000000    0     1     0     0     0   0.000    0.0  0
  28 D106/NC                         -1.000V   E2   301  358     0     0     0     0     0  1  D   0   0 0.0 0.000
                             0.00V    1.000V  20.000000 20.000000   20     1     0     0     0   0.000    0.0  0
  29 D106_1                           1.500V   E2   358  301     0     0     0     0     0  1  D   0   0 0.0 0.000
                             0.00V    1.500V  -1.000000 30.000000    0     1     0     0     0   0.000    0.0  0
  30 D107/SG                          0.439V   C2   257  377     0     0     0     0     0  1  D   0   0 0.0 0.000
                             0.00V    0.439V  20.000000 20.000000   20     1     0     0     0   0.000    0.0  0
  31 D107_1                           0.478V   C2   377  257     0     0     0     0     0  1  D   0   0 0.0 0.000
                             0.00V    0.478V  -1.000000 30.000000    0     1     0     0     0   0.000    0.0  0
  32 D108/TVS                         0.700V   A3   371  370     0     0     0     0     0  0  D   0   0 0.0 0.000
                             0.00V    0.700V  -1.000000 20.000000  100     1     0    68     0   0.000    0.0  0
  33 D108_1                           0.700V   A3   370  371     0     0     0     0     0  0  D   0   0 0.0 0.000
                             0.00V    0.700V  -1.000000 30.000000  100     1     0    68     0   0.000    0.0  0
  34 D109                             0.848V   D3   377  375     0     0     0     0     0  0  D   0   0 0.0 0.000
                             0.00V    0.848V  20.000000 20.000000   20     1     0     0     0   0.000    0.0  0
  35 D109_1                           1.500V   D3   375  377     0     0     0     0     0  0  D   0   0 0.0 0.000
                             0.00V    1.500V  -1.000000 30.000000    0     1     0     0     0   0.000    0.0  0
  36 D110/NP                          0.700V   A2   364    0     0     0     0     0     0  1  D   0   0 0.0 0.000
                             0.00V    0.700V  20.000000 20.000000   20     1     0     0     0   0.000    0.0  0
  37 D110_1                           1.500V   A2     0  364     0     0     0     0     0  1  D   0   0 0.0 0.000
                             0.00V    1.500V  -1.000000 30.000000    0     1     0     0     0   0.000    0.0  0
  38 D111                             0.789V   A2   364  350     0     0     0     0     0  0  D   0   0 0.0 0.000
                             0.00V    0.789V  20.000000 20.000000   20     1     0     0     0   0.000    0.0  0
  39 D111_1                           0.985V   A2   350  364     0     0     0     0     0  0  D   0   0 0.0 0.000
                             0.00V    0.985V  20.000000 30.000000   20     1     0     0     0   0.000    0.0  0
  40 D112/NP                          0.700V   A2   362    0     0     0     0     0     0  1  D   0   0 0.0 0.000
                             0.00V    0.700V  20.000000 20.000000   20     1     0     0     0   0.000    0.0  0
  41 D112_1                           1.500V   A2     0  362     0     0     0     0     0  1  D   0   0 0.0 0.000
                             0.00V    1.500V  -1.000000 30.000000    0     1     0     0     0   0.000    0.0  0
  42 D113                             0.782V   A2   362  350     0     0     0     0     0  0  D   0   0 0.0 0.000
                             0.00V    0.782V  20.000000 20.000000   20     1     0     0     0   0.000    0.0  0
  43 D113_1                           0.977V   A2   350  362     0     0     0     0     0  0  D   0   0 0.0 0.000
                             0.00V    0.977V  20.000000 30.000000   20     1     0     0     0   0.000    0.0  0
  44 D118                             0.816V   A1   268  267     0     0     0     0     0  0  D   0   0 0.0 0.000
                             0.00V    0.816V  20.000000 20.000000   20     1     0     0     0   0.000    0.0  0
  45 D118_1                           1.500V   A1   267  268     0     0     0     0     0  0  D   0   0 0.0 0.000
                             0.00V    1.500V  -1.000000 30.000000   20     1     0     0     0   0.000    0.0  0
  46 D121                             0.851V   B1   294  268     0     0     0     0     0  0  D   0   0 0.0 0.000
                             0.00V    0.851V  20.000000 20.000000   20     1     0     0     0   0.000    0.0  0
  47 D121_1                           1.500V   B1   268  294     0     0     0     0     0  0  D   0   0 0.0 0.000
                             0.00V    1.500V  -1.000000 30.000000   20     1     0     0     0   0.000    0.0  0
  48 D122                             0.847V   A1   258  270     0     0     0     0     0  0  D   0   0 0.0 0.000
                             0.00V    0.847V  20.000000 20.000000   20     1     0     0     0   0.000    0.0  0
  49 D122_1                           1.500V   A1   270  258     0     0     0     0     0  0  D   0   0 0.0 0.000
                             0.00V    1.500V  -1.000000 30.000000   20     1     0     0     0   0.000    0.0  0
  50 D123                             0.848V   C1   258  296     0     0     0     0     0  0  D   0   0 0.0 0.000
                             0.00V    0.848V  20.000000 20.000000   20     1     0     0     0   0.000    0.0  0
  51 D123_1                           1.500V   C1   296  258     0     0     0     0     0  0  D   0   0 0.0 0.000
                             0.00V    1.500V  -1.000000 30.000000    0     1     0     0     0   0.000    0.0  0
  52 D124                             0.818V   C1   263  267     0     0     0     0     0  0  D   0   0 0.0 0.000
                             0.00V    0.818V  20.000000 20.000000   20     1     0     0     0   0.000    0.0  0
  53 D124_1                           1.500V   C1   267  263     0     0     0     0     0  0  D   0   0 0.0 0.000
                             0.00V    1.500V  -1.000000 30.000000    0     1     0     0     0   0.000    0.0  0
  54 D125                             0.682V   B2   314  353     0     0     0     0     0  0  D   0   0 0.0 0.000
                             0.00V    0.682V  20.000000 20.000000   20     0     0     0     0   0.000    0.0  0
  55 D125_1                           1.500V   B2   353  314     0     0     0     0     0  0  D   0   0 0.0 0.000
                             0.00V    1.500V  -1.000000 30.000000    0     1     0     0     0   0.000    0.0  0
  56 D126                             0.818V   B2   352  318     0     0     0     0     0  0  D   0   0 0.0 0.000
                             0.00V    0.818V  20.000000 20.000000   20     1     0     0     0   0.000    0.0  0
  57 D126_1                           1.500V   B2   318  352     0     0     0     0     0  0  D   0   0 0.0 0.000
                             0.00V    1.500V  -1.000000 30.000000    0     1     0     0     0   0.000    0.0  0
  58 D200                             0.857V   A2   258  325     0     0     0     0     0  0  D   0   0 0.0 0.000
                             0.00V    0.857V  20.000000 20.000000   20     1     0     0     0   0.000    0.0  0
  59 D200_1                           1.500V   A2   325  258     0     0     0     0     0  0  D   0   0 0.0 0.000
                             0.00V    1.500V  -1.000000 30.000000    0     1     0     0     0   0.000    0.0  0
  60 D201                             0.767V   A1   276  267     0     0     0     0     0  0  D   0   0 0.0 0.000
                             0.00V    0.767V  20.000000 20.000000   20     0     0     0     0   0.000    0.0  0
  61 D201_1                           1.500V   A1   267  276     0     0     0     0     0  0  D   0   0 0.0 0.000
                             0.00V    1.500V  -1.000000 30.000000    0     1     0     0     0   0.000    0.0  0
  62 D205                             0.814V   B1   280  284     0     0     0     0     0  0  D   0   0 0.0 0.000
                             0.00V    0.814V  20.000000 20.000000   20     1     0     0     0   0.000    0.0  0
  63 D205_1                           1.500V   B1   284  280     0     0     0     0     0  0  D   0   0 0.0 0.000
                             0.00V    1.500V  -1.000000 30.000000    0     1     0     0     0   0.000    0.0  0
  64 D206                             0.830V   B1   283  287     0     0     0     0     0  0  D   0   0 0.0 0.000
                             0.00V    0.830V  20.000000 20.000000   20     1     0     0     0   0.000    0.0  0
  65 D206_1                           1.500V   B1   287  283     0     0     0     0     0  0  D   0   0 0.0 0.000
                             0.00V    1.500V  -1.000000 30.000000    0     1     0     0     0   0.000    0.0  0
  66 D207                             0.816V   B1   285  287     0     0     0     0     0  0  D   0   0 0.0 0.000
                             0.00V    0.816V  20.000000 20.000000   20     1     0     0     0   0.000    0.0  0
  67 D207_1                           1.500V   B1   287  285     0     0     0     0     0  0  D   0   0 0.0 0.000
                             0.00V    1.500V  -1.000000 30.000000    0     1     0     0     0   0.000    0.0  0
  68 D208                             0.309V   A2   343  349     0     0     0     0     0  0  D   0   0 0.0 0.000
                             0.00V    0.309V  20.000000 20.000000   20     1     0     0     0   0.000    0.0  0
  69 D208_1                           1.500V   A2   349  343     0     0     0     0     0  0  D   0   0 0.0 0.000
                             0.00V    1.500V  -1.000000 30.000000   20     1     0     0     0   0.000    0.0  0
  70 D209/D                           0.250V   A2   258  343     0     0     0     0     0  0  D   0   0 0.0 0.000
                             0.00V    0.250V  20.000000 20.000000  100     1     0    68     0   0.000    0.0  0
  71 D209_1                           1.500V   A2   343  258     0     0     0     0     0  0  D   0   0 0.0 0.000
                             0.00V    1.500V  -1.000000 30.000000  100     1     0     0     0   0.000    0.0  0
  72 D210                             0.242V   A2   344  349     0     0     0     0     0  0  D   0   0 0.0 0.000
                             0.00V    0.242V  30.000000 30.000000   50     0     0     5     0   0.000    0.0  0
  73 D210_1                           1.500V   A2   349  344     0     0     0     0     0  0  D   0   0 0.0 0.000
                             0.00V    1.500V  -1.000000 30.000000   50     1     0     5     0   0.000    0.0  0
  74 D211                             0.349V   A2   258  344     0     0     0     0     0  0  D   0   0 0.0 0.000
                             0.00V    0.349V  0.400V  0.240V   100     1     0     5     0   0.000    0.0  0
  75 D211_1                           1.500V   A2   344  258     0     0     0     0     0  0  D   0   0 0.0 0.000
                             0.00V    1.500V  -1.000000 30.000000  100     1     0     5     0   0.000    0.0  0
  76 D212                             0.814V   B1   281  329     0     0     0     0     0  0  D   0   0 0.0 0.000
                             0.00V    0.814V  20.000000 20.000000   20     1     0     0     0   0.000    0.0  0
  77 D212_1                           1.500V   B1   329  281     0     0     0     0     0  0  D   0   0 0.0 0.000
                             0.00V    1.500V  -1.000000 30.000000    0     1     0     0     0   0.000    0.0  0
  78 D213                             0.818V   A2   325  341     0     0     0     0     0  0  D   0   0 0.0 0.000
                             0.00V    0.818V  20.000000 20.000000   20     1     0     0     0   0.000    0.0  0
  79 D213_1                           1.500V   A2   341  325     0     0     0     0     0  0  D   0   0 0.0 0.000
                             0.00V    1.500V  -1.000000 30.000000    0     1     0     0     0   0.000    0.0  0
  80 R100/NC                         -1.000    C2   306  307     0     0     0     0     0  1  R   0   0 0.0 0.000
                             0.00     1.000   10.000000 10.000000    0     2     0     0     0   0.000    0.0  0
  81 R108/NC                         -1.000    D2   301  307     0     0     0     0     0  1  R   0   0 0.0 0.000
                             0.00     1.000   10.000000 10.000000    0     2     0     0     0   0.000    0.0  0
  82 R109/NC                         -1.000    D2   301  306     0     0     0     0     0  1  R   0   0 0.0 0.000
                             0.00     1.000   10.000000 10.000000    0     2     0     0     0   0.000    0.0  0
  83 R114/NC                         -1.000    E3   358  379     0     0     0     0     0  1  R   0   0 0.0 0.000
                             0.00     1.000   10.000000 10.000000    0     2     0     0     0   0.000    0.0  0
  84 R130/NC                         -1.000    C2   257  356     0     0     0     0     0  1  R   0   0 0.0 0.000
                             0.00     1.000   10.000000 10.000000    0     2     0     0     0   0.000    0.0  0
  85 R137/NC                         -1.000    C2   360  377     0     0     0     0     0  1  R   0   0 0.0 0.000
                             0.00     1.000   10.000000 10.000000    0     2     0     0     0   0.000    0.0  0
  86 R138/NC                         -1.000    C3   257  360     0     0     0     0     0  1  R   0   0 0.0 0.000
                             0.00     1.000   10.000000 10.000000    0     2     0     0     0   0.000    0.0  0
  87 R142/NC                         -1.000    A2     0  350     0     0     0     0     0  1  R   0   0 0.0 0.000
                             0.00     1.000   10.000000 10.000000    0     2     0     0     0   0.000    0.0  0
  88 R154/NC                         -1.000    C3   368  369     0     0     0     0     0  1  R   0   0 0.0 0.000
                             0.00     1.000   10.000000 10.000000    0     2     0     0     0   0.000    0.0  0
  89 R190/NC                         -1.000    B2   352  353     0     0     0     0     0  1  R   0   0 0.0 0.000
                             0.00     1.000   10.000000 10.000000    0     2     0     0     0   0.000    0.0  0
  90 R218/NC                         -1.000    A1   267  345     0     0     0     0     0  1  R   0   0 0.0 0.000
                             0.00     1.000   10.000000 10.000000    0     2     0     0     0   0.000    0.0  0
  91 R219/NC                         -1.000    A1   267  271     0     0     0     0     0  1  R   0   0 0.0 0.000
                             0.00     1.000   10.000000 10.000000    0     2     0     0     0   0.000    0.0  0
  92 R227/NC                         -1.000    A2   258  368     0     0     0     0     0  1  R   0   0 0.0 0.000
                             0.00     1.000   10.000000 10.000000    0     2     0     0     0   0.000    0.0  0
  93 R232/NC                         -1.000    A1   258  335     0     0     0     0     0  1  R   0   0 0.0 0.000
                             0.00     1.000   10.000000 10.000000    0     2     0     0     0   0.000    0.0  0
  94 R242/NC                         -1.000    B1   258  320     0     0     0     0     0  1  R   0   0 0.0 0.000
                             0.00     1.000   10.000000 10.000000    0     2     0     0     0   0.000    0.0  0
  95 R244/NC                         -1.000    B1   320  330     0     0     0     0     0  1  R   0   0 0.0 0.000
                             0.00     1.000   10.000000 10.000000    0     2     0     0     0   0.000    0.0  0
  96 R256/NC                         -1.000    B1   258  286     0     0     0     0     0  1  R   0   0 0.0 0.000
                             0.00     1.000   10.000000 10.000000    0     2     0     0     0   0.000    0.0  0
  97 R257/NC                         -1.000    B1   285  286     0     0     0     0     0  1  R   0   0 0.0 0.000
                             0.00     1.000   10.000000 10.000000    0     2     0     0     0   0.000    0.0  0
  98 R258/NC                         -1.000    B1   268  281     0     0     0     0     0  1  R   0   0 0.0 0.000
                             0.00     1.000   10.000000 10.000000    0     2     0     0     0   0.000    0.0  0
  99 R259/NC                         -1.000    B1   281  329     0     0     0     0     0  1  R   0   0 0.0 0.000
                             0.00     1.000   10.000000 10.000000    0     2     0     0     0   0.000    0.0  0
 100 R262/NC                         -1.000    B1   279  287     0     0     0     0     0  1  R   0   0 0.0 0.000
                             0.00     1.000   10.000000 10.000000    0     2     0     0     0   0.000    0.0  0
 101 R139/NP                          10.00    A2     0  350     0     0     0     0     0  1  R   0   0 0.0 0.000
                             0.00     10.00   10.000000 10.000000    0     2     0     0     0   0.000    0.0  0
 102 R205                             10.00    A1   267  336     0     0     0     0     0  0  R   0   0 0.0 0.000
                             0.00     10.00   20.000000 10.000000    0     0     1     3     0   0.000    0.0  0
 103 R206                             10.00    A2   267  349     0     0     0     0     0  0  R   0   0 0.0 0.000
                             0.00     10.00   20.000000 10.000000    0     0     1     3     0   0.000    0.0  0
 104 R144                            100.00    B2   371  315     0     0     0     0     0  0  R   0   0 0.0 0.000
                             0.00    100.00   10.000000 10.000000    0     2     1     3     0   0.000    0.0  0
 105 R148                            100.00    B2   371  311     0     0     0     0     0  0  R   0   0 0.0 0.000
                             0.00    100.00   10.000000 10.000000    0     2     1     3     0   0.000    0.0  0
 106 R149                            100.00    B2   371  316     0     0     0     0     0  0  R   0   0 0.0 0.000
                             0.00    100.00   10.000000 10.000000    0     2     1     3     0   0.000    0.0  0
 107 R182/NP                         100.00    C1   297    0     0     0     0     0     0  1  R   0   0 0.0 0.000
                             0.00    100.00   10.000000 10.000000    0     2     1     3     0   0.000    0.0  0
 108 R188                            100.00    B2   371  312     0     0     0     0     0  0  R   0   0 0.0 0.000
                             0.00    100.00   10.000000 10.000000    0     2     1     3     0   0.000    0.0  0
 109 R191                            100.00    B1   297  295     0     0     0     0     0  0  R   0   0 0.0 0.000
                             0.00    100.00   10.000000 10.000000    0     2     1     3     0   0.000    0.0  0
 110 R192                            100.00    B1   297  293     0     0     0     0     0  0  R   0   0 0.0 0.000
                             0.00    100.00   10.000000 10.000000    0     2     1     3     0   0.000    0.0  0
 111 R193/NP                         100.00    C1   263    0     0     0     0     0     0  1  R   0   0 0.0 0.000
                             0.00    100.00   10.000000 10.000000    0     2     1     3     0   0.000    0.0  0
 112 R129                             4.000    C2   377  356     0     0     0     0     0  0  J   0   0 0.0 0.000
                             0.00     4.000   10.000000 10.000000    0     0     0     3     0   0.000    0.0  0
 113 R203                             1.000K   A2   350  323     0     0     0     0     0  0  R   0   0 0.0 0.000
                             0.00K    1.000K  10.000000 10.000000    0     2     1     3     0   0.000    0.0  0
 114 R209                             1.000K   A2   339  338     0     0     0     0     0  0  R   0   0 0.0 0.000
                             0.00K    1.000K  10.000000 10.000000    0     2     1     3     0   0.000    0.0  0
 115 R211                             1.000K   A1   337  334     0     0     0     0     0  0  R   0   0 0.0 0.000
                             0.00K    1.000K  10.000000 10.000000    0     2     1     3     0   0.000    0.0  0
 116 R231                             1.000K   A2   325  323     0     0     0     0     0  0  R   0   0 0.0 0.000
                             0.00K    1.000K  10.000000 10.000000    0     2     1     3     0   0.000    0.0  0
 117 R222                             5.600K   A1   272  258     0     0     0     0     0  0  R   0   0 0.0 0.000
                             0.00K    5.600K  10.000000 10.000000    0     2     1     3     0   0.000    0.0  0
 118 R223                             5.600K   A1   267  273   275     0     0     0     0  0  R   0   0 0.0 0.000
                             0.00K    5.600K  10.000000 10.000000    0     2     1     3     0   0.000    0.0  0
 119 R141/R                          10.000K   B2   258  289   319     0     0     0     0  0  R   0   0 0.0 0.000
                             0.00K    9.230K  10.000000 10.000000    0     2     1     3     0   0.000    0.0  0
 120 R248/R                          10.000K   B1   283  266     0     0     0     0     0  0  R   0   0 0.0 0.000
                             0.00K    5.000K  10.000000 10.000000    0     2     1     3     0   0.000    0.0  0
 121 R249/R                          10.000K   B1   283  266     0     0     0     0     0  0  R   0   0 0.0 0.000
                             0.00K    5.000K  10.000000 10.000000    0     2     1     3     0   0.000    0.0  0
 122 R264                             10.00K   A1   258  331   275     0     0     0     0  0  R   0   0 0.0 0.000
                             0.00K    10.00K  10.000000 10.000000    0     2     1     3     0   0.000    0.0  0
 123 R265                             10.00K   A1   332  274     0     0     0     0     0  0  R   0   0 0.0 0.000
                             0.00K    10.00K  10.000000 10.000000    0     2     1     3     0   0.000    0.0  0
 124 R124/T                           1.000    A3   364  362     0     0     0     0     0  1  J   0   0 0.0 0.000
                             0.00     1.000   10.000000 10.000000   20     1     0     3     0   0.000    0.0  0
 125 R177                             22.00K   B1   294  264     0     0     0     0     0  0  R   0   0 0.0 0.000
                             0.00K    22.00K  10.000000 10.000000    0     2     1     3     0   0.000    0.0  0
 126 R207                             22.00K   A1   331  275   273     0     0     0     0  0  R   0   0 0.0 0.000
                             0.00K    22.00K  10.000000 10.000000    0     2     1     3     0   0.000    0.0  0
 127 R212                             22.00K   B1   278  276     0     0     0     0     0  0  R   0   0 0.0 0.000
                             0.00K    22.00K  10.000000 10.000000    0     2     1     3     0   0.000    0.0  0
 128 R213                             22.00K   A1   258  337   334     0     0     0     0  0  R   0   0 0.0 0.000
                             0.00K    22.00K  10.000000 10.000000    0     2     1     3     0   0.000    0.0  0
 129 R214                             22.00K   A2   258  338   339     0     0     0     0  0  R   0   0 0.0 0.000
                             0.00K    22.00K  10.000000 10.000000    0     2     1     3     0   0.000    0.0  0
 130 R224                             22.00K   A1   275  273   267     0     0     0     0  0  R   0   0 0.0 0.000
                             0.00K    22.00K  10.000000 10.000000    0     2     1     3     0   0.000    0.0  0
 131 R225                             22.00K   A1   333  332     0     0     0     0     0  0  R   0   0 0.0 0.000
                             0.00K    22.00K  10.000000 10.000000    0     2     1     3     0   0.000    0.0  0
 132 R226                             22.00K   A1   333  272     0     0     0     0     0  0  R   0   0 0.0 0.000
                             0.00K    22.00K  10.000000 10.000000    0     2     1     3     0   0.000    0.0  0
 133 R204                             47.00K   A1   330  328     0     0     0     0     0  0  R   0   0 0.0 0.000
                             0.00K    47.00K  10.000000 10.000000    0     2     1     3     0   0.000    0.0  0
 134 R210                             47.00K   A2   340  258     0     0     0     0     0  0  R   0   0 0.0 0.000
                             0.00K    47.00K  10.000000 10.000000    0     2     1     3     0   0.000    0.0  0
 135 R237                             47.00K   B1   319  288   258     0     0     0     0  0  R   0   0 0.0 0.000
                             0.00K    47.00K  10.000000 10.000000    0     2     1     3     0   0.000    0.0  0
 136 R238                             47.00K   B1   330  320   258     0     0     0     0  0  R   0   0 0.0 0.000
                             0.00K    47.00K  10.000000 10.000000    0     2     1     3     0   0.000    0.0  0
 137 R169/R                           56.00K   A1   270  259     0     0     0     0     0  0  R   0   0 0.0 0.000
                             0.00K    28.00K  10.000000 10.000000    0     2     1     3     0   0.000    0.0  0
 138 R170/R                           56.00K   A1   270  259     0     0     0     0     0  0  R   0   0 0.0 0.000
                             0.00K    28.00K  10.000000 10.000000    0     2     1     3     0   0.000    0.0  0
 139 R167/R                          100.00K   C2   371  309   291     0     0     0     0  0  R   0   0 0.0 0.000
                             0.00K    50.00K  10.000000 10.000000    0     2     1     3     0   0.000    0.0  0
 140 R173/R                          100.00K   C1   291  309   371     0     0     0     0  0  R   0   0 0.0 0.000
                             0.00K    50.00K  10.000000 10.000000    0     2     1     3     0   0.000    0.0  0
 141 R176/R                          100.00K   B1   310  290   258     0     0     0     0  0  R   0   0 0.0 0.000
                             0.00K    50.00K  10.000000 10.000000    0     2     1     3     0   0.000    0.0  0
 142 R180/R                          100.00K   B1   258  290   310     0     0     0     0  0  R   0   0 0.0 0.000
                             0.00K    50.00K  10.000000 10.000000    0     2     1     3     0   0.000    0.0  0
 143 R194/R                          100.00K   B2   261  354   355     0     0     0     0  0  R   0   0 0.0 0.000
                             0.00K    50.00K  10.000000 10.000000    0     2     1     3     0   0.000    0.0  0
 144 R195/R                          100.00K   B2   355  354   261     0     0     0     0  0  R   0   0 0.0 0.000
                             0.00K    50.00K  10.000000 10.000000    0     2     1     3     0   0.000    0.0  0
 145 R196/R                          100.00K   B1   310  290   258     0     0     0     0  0  R   0   0 0.0 0.000
                             0.00K    50.00K  10.000000 10.000000    0     2     1     3     0   0.000    0.0  0
 146 R197/R                          100.00K   B1   258  290   310     0     0     0     0  0  R   0   0 0.0 0.000
                             0.00K    50.00K  10.000000 10.000000    0     2     1     3     0   0.000    0.0  0
 147 R198/R                          100.00K   B2   371  309   291     0     0     0     0  0  R   0   0 0.0 0.000
                             0.00K    50.00K  10.000000 10.000000    0     2     1     3     0   0.000    0.0  0
 148 R199/R                          100.00K   B1   291  309   371     0     0     0     0  0  R   0   0 0.0 0.000
                             0.00K    50.00K  10.000000 10.000000    0     2     1     3     0   0.000    0.0  0
 149 R153/R                          100.00K   B2   261  354   355     0     0     0     0  0  R   0   0 0.0 0.000
                             0.00K    50.00K  10.000000 10.000000    0     2     1     3     0   0.000    0.0  0
 150 R157/R                          100.00K   B2   355  354   261     0     0     0     0  0  R   0   0 0.0 0.000
                             0.00K    50.00K  10.000000 10.000000    0     2     1     3     0   0.000    0.0  0
 151 R241                            100.00K   B1   258  320   330     0     0     0     0  0  R   0   0 0.0 0.000
                             0.00K   100.00K  10.000000 10.000000    0     2     1     3     0   0.000    0.0  0
 152 R250                            100.00K   B1   268  281   329     0     0     0     0  0  R   0   0 0.0 0.000
                             0.00K   100.00K  10.000000 10.000000    0     2     1     3     0   0.000    0.0  0
 153 R252                            100.00K   B1   329  281   268     0     0     0     0  0  R   0   0 0.0 0.000
                             0.00K   100.00K  10.000000 10.000000    0     2     1     3     0   0.000    0.0  0
 154 R145/R                         120.000K   B2   258  289   319     0     0     0     0  0  R   0   0 0.0 0.000
                             0.00K    9.230K  10.000000 10.000000    0     2     1     3     0   0.000    0.0  0
 155 R189                            120.00K   B2   352  353   314     0     0     0     0  0  R   0   0 0.0 0.000
                             0.00K   120.00K  10.000000 10.000000    0     2     1     3     0   0.000    0.0  0
 156 R208                            120.00K   A1   330  277     0     0     0     0     0  0  R   0   0 0.0 0.000
                             0.00K   120.00K  10.000000 10.000000    0     2     1     3     0   0.000    0.0  0
 157 R239                            120.00K   B1   284  279     0     0     0     0     0  0  R   0   0 0.0 0.000
                             0.00K   120.00K  10.000000 10.000000    0     2     1     3     0   0.000    0.0  0
 158 R240/R                          120.00K   A2   326  258   324     0     0     0     0  0  R   0   0 0.0 0.000
                             0.00K   117.00K  10.000000 10.000000    0     2     1     3     0   0.000    0.0  0
 159 R247/R                          120.00K   B1   330  286   258     0     0     0     0  0  R   0   0 0.0 0.000
                             0.00K    60.00K  10.000000 10.000000    0     2     1     3     0   0.000    0.0  0
 160 R251                            120.00K   B1   258  286   330     0     0     0     0  0  R   0   0 0.0 0.000
                             0.00K   120.00K  10.000000 10.000000    0     2     1     3     0   0.000    0.0  0
 161 R255/R                          120.00K   B1   330  286   258     0     0     0     0  0  R   0   0 0.0 0.000
                             0.00K    60.00K  10.000000 10.000000    0     2     1     3     0   0.000    0.0  0
 162 R132/NP                         220.00K   C1   262    0     0     0     0     0     0  1  R   0   0 0.0 0.000
                             0.00K   220.00K  10.000000 10.000000    0     2     1     3     0   0.000    0.0  0
 163 R131/NP                         220.00K   D1   262    0     0     0     0     0     0  1  R   0   0 0.0 0.000
                             0.00K   220.00K  10.000000 10.000000    0     2     1     3     0   0.000    0.0  0
 164 R164/NP                         220.00K   A2     0    0     0     0     0     0     0  1  R   0   0 0.0 0.000
                             0.00K   220.00K  10.000000 10.000000    0     2     1     3     0   0.000    0.0  0
 165 R168/NP                         220.00K   A2   322    0     0     0     0     0     0  1  R   0   0 0.0 0.000
                             0.00K   220.00K  10.000000 10.000000    0     2     1     3     0   0.000    0.0  0
 166 R158/NP                         220.00K   A2     0    0     0     0     0     0     0  1  R   0   0 0.0 0.000
                             0.00K   220.00K  10.000000 10.000000    0     2     1     3     0   0.000    0.0  0
 167 R133/NP                         220.00K   C1   262    0     0     0     0     0     0  1  R   0   0 0.0 0.000
                             0.00K   220.00K  10.000000 10.000000    0     2     1     3     0   0.000    0.0  0
 168 R147/NP                         220.00K   A3   261    0     0     0     0     0     0  1  R   0   0 0.0 0.000
                             0.00K   220.00K  10.000000 10.000000    0     2     1     3     0   0.000    0.0  0
 169 R155/NP                         220.00K   A2     0    0     0     0     0     0     0  1  R   0   0 0.0 0.000
                             0.00K   220.00K  10.000000 10.000000    0     2     1     3     0   0.000    0.0  0
 170 R125/NP                         220.00K   D1   300    0     0     0     0     0     0  1  R   0   0 0.0 0.000
                             0.00K   220.00K  10.000000 10.000000    0     2     1     3     0   0.000    0.0  0
 171 R126/NP                         220.00K   C1   299    0     0     0     0     0     0  1  R   0   0 0.0 0.000
                             0.00K   220.00K  10.000000 10.000000    0     2     1     3     0   0.000    0.0  0
 172 R111/NP                         220.00K   D1   301    0     0     0     0     0     0  1  R   0   0 0.0 0.000
                             0.00K   220.00K  10.000000 10.000000    0     2     1     3     0   0.000    0.0  0
 173 R151/NP                         220.00K   A2     0    0     0     0     0     0     0  1  R   0   0 0.0 0.000
                             0.00K   220.00K  10.000000 10.000000    0     2     1     3     0   0.000    0.0  0
 174 R112/NP                         220.00K   C1   306    0     0     0     0     0     0  1  R   0   0 0.0 0.000
                             0.00K   220.00K  10.000000 10.000000    0     2     1     3     0   0.000    0.0  0
 175 R113/NP                         220.00K   C1   307    0     0     0     0     0     0  1  R   0   0 0.0 0.000
                             0.00K   220.00K  10.000000 10.000000    0     2     1     3     0   0.000    0.0  0
 176 R236                            220.00K   B1   289  319   258     0     0     0     0  0  R   0   0 0.0 0.000
                             0.00K   220.00K  10.000000 10.000000    0     2     1     3     0   0.000    0.0  0
 177 R243/R                          220.00K   B1   320  280     0     0     0     0     0  0  R   0   0 0.0 0.000
                             0.00K   158.00K  10.000000 10.000000    0     2     1     3     0   0.000    0.0  0
 178 R246                            220.00K   B1   289  265   286     0     0     0     0  0  R   0   0 0.0 0.000
                             0.00K   220.00K  10.000000 10.000000    0     2     1     3     0   0.000    0.0  0
 179 R163/NP                         220.00K   A2     0    0     0     0     0     0     0  1  R   0   0 0.0 0.000
                             0.00K   220.00K  10.000000 10.000000    0     2     1     3     0   0.000    0.0  0
 180 R121/NP                         220.00K   C1   298    0     0     0     0     0     0  1  R   0   0 0.0 0.000
                             0.00K   220.00K  10.000000 10.000000    0     2     1     3     0   0.000    0.0  0
 181 R174                            220.00K   B2   289  322   258     0     0     0     0  0  R   0   0 0.0 0.000
                             0.00K   220.00K  10.000000 10.000000    0     2     1     3     0   0.000    0.0  0
 182 R127/NP                         220.00K   C1   298    0     0     0     0     0     0  1  R   0   0 0.0 0.000
                             0.00K   220.00K  10.000000 10.000000    0     2     1     3     0   0.000    0.0  0
 183 R119/NP                         220.00K   D1   300    0     0     0     0     0     0  1  R   0   0 0.0 0.000
                             0.00K   220.00K  10.000000 10.000000    0     2     1     3     0   0.000    0.0  0
 184 R120/NP                         220.00K   C1   299    0     0     0     0     0     0  1  R   0   0 0.0 0.000
                             0.00K   220.00K  10.000000 10.000000    0     2     1     3     0   0.000    0.0  0
 185 R245                            560.00K   B1   320  280   284     0     0     0     0  0  R   0   0 0.0 0.000
                             0.00K   158.00K  10.000000 10.000000    0     2     1     3     0   0.000    0.0  0
 186 R253                            560.00K   B1   286  285   287     0     0     0     0  0  R   0   0 0.0 0.000
                             0.00K   560.00K  10.000000 10.000000    0     2     1     3     0   0.000    0.0  0
 187 R263                            560.00K   A2   326  341   325     0     0     0     0  0  R   0   0 0.0 0.000
                             0.00K   560.00K  10.000000 10.000000    0     2     1     3     0   0.000    0.0  0
 188 R104/NP                         820.00K   C4   261    0     0     0     0     0     0  1  R   0   0 0.0 0.000
                             0.00K   820.00K  10.000000 10.000000    0     2     1     3     0   0.000    0.0  0
 189 R110/NP                         820.00K   C3   375    0     0     0     0     0     0  1  R   0   0 0.0 0.000
                             0.00K   820.00K  10.000000 10.000000    0     2     1     3     0   0.000    0.0  0
 190 R105/NP                         820.00K   C4   381    0     0     0     0     0     0  1  R   0   0 0.0 0.000
                             0.00K   820.00K  10.000000 10.000000    0     2     1     3     0   0.000    0.0  0
 191 R106/NP                         820.00K   C4     0    0     0     0     0     0     0  1  R   0   0 0.0 0.000
                             0.00K   820.00K  10.000000 10.000000    0     2     1     3     0   0.000    0.0  0
 192 R103/NP                         820.00K   C4     0    0     0     0     0     0     0  1  R   0   0 0.0 0.000
                             0.00K   820.00K  10.000000 10.000000    0     2     1     3     0   0.000    0.0  0
 193 R101/NP                         820.00K   C4   381    0     0     0     0     0     0  1  R   0   0 0.0 0.000
                             0.00K   820.00K  10.000000 10.000000    0     2     1     3     0   0.000    0.0  0
 194 R102/NP                         820.00K   C4     0    0     0     0     0     0     0  1  R   0   0 0.0 0.000
                             0.00K   820.00K  10.000000 10.000000    0     2     1     3     0   0.000    0.0  0
 195 R107/NP                         820.00K   C4     0    0     0     0     0     0     0  1  R   0   0 0.0 0.000
                             0.00K   820.00K  10.000000 10.000000    0     2     1     3     0   0.000    0.0  0
 196 R152/NP                          1.000M   B2   361    0     0     0     0     0     0  1  R   0   0 0.0 0.000
                             0.00M    1.000M  10.000000 10.000000    0     2     1     3     0   0.000    0.0  0
 197 R159/NP                          1.000M   A3   261    0     0     0     0     0     0  1  R   0   0 0.0 0.000
                             0.00M    1.000M  10.000000 10.000000    0     2     1     3     0   0.000    0.0  0
 198 R165/NP                          1.000M   B2   353    0     0     0     0     0     0  1  R   0   0 0.0 0.000
                             0.00M    1.000M  10.000000 10.000000    0     2     1     3     0   0.000    0.0  0
 199 R160/NP                          1.000M   A2     0    0     0     0     0     0     0  1  R   0   0 0.0 0.000
                             0.00M    1.000M  10.000000 10.000000    0     2     1     3     0   0.000    0.0  0
 200 R156/NP                          1.000M   B2   361    0     0     0     0     0     0  1  R   0   0 0.0 0.000
                             0.00M    1.000M  10.000000 10.000000    0     2     1     3     0   0.000    0.0  0
 201 R171/NP                          1.000M   B2   352    0     0     0     0     0     0  1  R   0   0 0.0 0.000
                             0.00M    1.000M  10.000000 10.000000    0     2     1     3     0   0.000    0.0  0
 202 R179/NP                          1.000M   B2   321    0     0     0     0     0     0  1  R   0   0 0.0 0.000
                             0.00M    1.000M  10.000000 10.000000    0     2     1     3     0   0.000    0.0  0
 203 R184/NP                          1.000M   A2     0    0     0     0     0     0     0  1  R   0   0 0.0 0.000
                             0.00M    1.000M  10.000000 10.000000    0     2     1     3     0   0.000    0.0  0
 204 R186/NP                          1.000M   A2   351    0     0     0     0     0     0  1  R   0   0 0.0 0.000
                             0.00M    1.000M  10.000000 10.000000    0     2     1     3     0   0.000    0.0  0
 205 R187                             1.000M   A2   351  327   258     0     0     0     0  0  R   0   0 0.0 0.000
                             0.00M    1.000M  10.000000 10.000000    0     2     1     3     0   0.000    0.0  0
 206 R128                             1.000M   C3   380  377     0     0     0     0     0  0  R   0   0 0.0 0.000
                             0.00M    1.000M  10.000000 15.000000   10     2     1     3     0   0.000    0.0  0
 207 R150/NP                          1.000M   B3   261    0     0     0     0     0     0  1  R   0   0 0.0 0.000
                             0.00M    1.000M  10.000000 10.000000    0     2     1     3     0   0.000    0.0  0
 208 R161/NP                          1.000M   A2     0    0     0     0     0     0     0  1  R   0   0 0.0 0.000
                             0.00M    1.000M  10.000000 10.000000    0     2     1     3     0   0.000    0.0  0
 209 R181/NP                          1.000M   B2   258    0     0     0     0     0     0  1  R   0   0 0.0 0.000
                             0.00M    1.000M  10.000000 10.000000    0     2     1     3     0   0.000    0.0  0
 210 R183/NP                          1.000M   A2     0    0     0     0     0     0     0  1  R   0   0 0.0 0.000
                             0.00M    1.000M  10.000000 10.000000    0     2     1     3     0   0.000    0.0  0
 211 R123                             1.000M   C3   376  375     0     0     0     0     0  0  R   0   0 0.0 0.000
                             0.00M    1.000M  10.000000 10.000000   50     2     1     3     0   0.000    0.0  0
 212 R175/NP                          1.000M   B2   321    0     0     0     0     0     0  1  R   0   0 0.0 0.000
                             0.00M    1.000M  10.000000 10.000000    0     2     1     3     0   0.000    0.0  0
 213 R185/NP                          1.000M   A2     0    0     0     0     0     0     0  1  R   0   0 0.0 0.000
                             0.00M    1.000M  10.000000 10.000000    0     2     1     3     0   0.000    0.0  0
 214 R178/NP                          2.200M   C1   296    0     0     0     0     0     0  1  R   0   0 0.0 0.000
                             0.00M    2.200M  10.000000 10.000000    0     2     1     3     0   0.000    0.0  0
 215 R115/NP                          2.200M   C3     0    0     0     0     0     0     0  1  R   0   0 0.0 0.000
                             0.00M    2.200M  10.000000 10.000000    0     2     1     3     0   0.000    0.0  0
 216 R122/NP                          2.200M   C3   380    0     0     0     0     0     0  1  R   0   0 0.0 0.000
                             0.00M    2.200M  10.000000 10.000000    0     2     1     3     0   0.000    0.0  0
 217 R166/NP                          2.200M   C2   308    0     0     0     0     0     0  1  R   0   0 0.0 0.000
                             0.00M    2.200M  10.000000 10.000000    0     2     1     3     0   0.000    0.0  0
 218 R116/NP                          2.200M   C3   359    0     0     0     0     0     0  1  R   0   0 0.0 0.000
                             0.00M    2.200M  10.000000 10.000000    0     2     1     3     0   0.000    0.0  0
 219 R117/NP                          2.200M   C3   359    0     0     0     0     0     0  1  R   0   0 0.0 0.000
                             0.00M    2.200M  10.000000 10.000000    0     2     1     3     0   0.000    0.0  0
 220 R118/NP                          2.200M   C3   257    0     0     0     0     0     0  1  R   0   0 0.0 0.000
                             0.00M    2.200M  10.000000 10.000000    0     2     1     3     0   0.000    0.0  0
 221 R162/NP                          2.200M   C2   371    0     0     0     0     0     0  1  R   0   0 0.0 0.000
                             0.00M    2.200M  10.000000 10.000000    0     2     1     3     0   0.000    0.0  0
 222 R172/NP                          2.200M   C1   308    0     0     0     0     0     0  1  R   0   0 0.0 0.000
                             0.00M    2.200M  10.000000 10.000000    0     2     1     3     0   0.000    0.0  0
 223 R260                             4.700M   A2   329  324   326     0     0     0     0  0  R   0   0 0.0 0.000
                             0.00M    4.700M  10.000000 10.000000    0     2     1     3     0   0.000    0.0  0
 224 R254/R                            4.70K   A2   326  258   324     0     0     0     0  0  R   0   0 0.0 0.000
                             0.00K   117.00K  10.000000 15.000000    0     2     1     3     0   0.000    0.0  0
 225 R136/R                           0.220    D3   377  378     0     0     0     0     0  0  J   0   0 0.0 0.000
                             0.00     1.000   10.000000 10.000000    0     0     0     0     0   0.000    0.0  0
 226 R134/R                           0.220    D3   378  377     0     0     0     0     0  0  J   0   0 0.0 0.000
                             0.00     1.000   10.000000 10.000000    0     0     0     0     0   0.000    0.0  0
 227 R135/R                           0.220    D3   378  377     0     0     0     0     0  0  J   0   0 0.0 0.000
                             0.00     1.000   10.000000 10.000000    0     0     0     0     0   0.000    0.0  0
 228 R140/R                           0.220    D3   378  377     0     0     0     0     0  0  J   0   0 0.0 0.000
                             0.00     1.000   10.000000 10.000000    0     0     0     0     0   0.000    0.0  0
 229 R143/R                           0.220    D3   378  377     0     0     0     0     0  0  J   0   0 0.0 0.000
                             0.00     1.000   10.000000 10.000000    0     0     0     0     0   0.000    0.0  0
 230 F100/NC                         9999.0    D2   305  307     0     0     0     0     0  1  J   0   0 0.0 0.000
                             0.00    9999.0   10.000000 10.000000    0     0     0     0     0   0.000    0.0  0
 231 F101/NC                         9999.0    D2   302  306     0     0     0     0     0  1  J   0   0 0.0 0.000
                             0.00    9999.0   10.000000 10.000000    0     0     0     0     0   0.000    0.0  0
 232 L100                             1.000    E2   357  305     0     0     0     0     0  0  J   0   0 0.0 0.000
                             0.00     1.000   10.000000 10.000000   20     0     0     3     0   0.000    0.0  0
 233 L101                             1.000    E2   304  302     0     0     0     0     0  0  J   0   0 0.0 0.000
                             0.00     1.000   10.000000 10.000000   20     1     0     3     0   0.000    0.0  0
 234 L102                             1.000    E1   303  301     0     0     0     0     0  0  J   0   0 0.0 0.000
                             0.00     1.000   10.000000 10.000000   20     1     0     3     0   0.000    0.0  0
 235 L104_1_12                        1.000    C3   370  257     0     0     0     0     0  0  J   0   0 0.0 0.000
                             0.00     1.000   10.000000 10.000000   20     1     0     0     0   0.000    0.0  0
 236 L104_2_3                         4.000    C3   372  373     0     0     0     0     0  0  J   0   0 0.0 0.000
                             0.00     4.000   10.000000 10.000000   20     0     0     0     0   0.000    0.0  0
 237 L104_3_4/NP                      1.000    C3   373    0     0     0     0     0     0  1  J   0   0 0.0 0.000
                             0.00     1.000   10.000000 10.000000   20     1     0     0     0   0.000    0.0  0
 238 L104_4_5/NP                      1.000    C3     0  384     0     0     0     0     0  1  J   0   0 0.0 0.000
                             0.00     1.000   10.000000 10.000000   20     0     0     0     0   0.000    0.0  0
 239 L104_5_6                         4.000    C3   384  385     0     0     0     0     0  0  J   0   0 0.0 0.000
                             0.00     4.000   10.000000 10.000000   20     0     0     0     0   0.000    0.0  0
 240 L104_6_7                         4.000    C3   385  382     0     0     0     0     0  0  J   0   0 0.0 0.000
                             0.00     4.000   10.000000 10.000000   20     0     0     0     0   0.000    0.0  0
 241 L104_7_8                         4.000    C3   382  383     0     0     0     0     0  0  J   0   0 0.0 0.000
                             0.00     4.000   10.000000 10.000000   20     0     0     0     0   0.000    0.0  0
 242 L104_8_9/NP                      4.000    C3   383    0     0     0     0     0     0  1  J   0   0 0.0 0.000
                             0.00     4.000   10.000000 10.000000   20     0     0     0     0   0.000    0.0  0
 243 L104_9_10/NP                    9999.0    C3     0    0     0     0     0     0     0  1  J   0   0 0.0 0.000
                             0.00    9999.0   10.000000 10.000000   20     1     0     0     0   0.000    0.0  0
 244 L104_10_11/NP                   9999.0    C3     0  374     0     0     0     0     0  1  J   0   0 0.0 0.000
                             0.00    9999.0   10.000000 10.000000   20     1     0     0     0   0.000    0.0  0
 245 L104_11_12                       4.000    C3   374  257     0     0     0     0     0  0  J   0   0 0.0 0.000
                             0.00     4.000   10.000000 10.000000   20     1     0     0     0   0.000    0.0  0
 246 L105_1_2                         1.000    D4   379  261     0     0     0     0     0  0  J   0   0 0.0 0.000
                             0.00     1.000   10.000000 10.000000   20     0     0     0     0   0.000    0.0  0
 247 L105_2_3                         4.000    D4   261  358     0     0     0     0     0  0  J   0   0 0.0 0.000
                             0.00     4.000   10.000000 10.000000   20     1     0     0     0   0.000    0.0  0
 248 L105_3_4                         1.000    D4   358  378     0     0     0     0     0  0  J   0   0 0.0 0.000
                             0.00     1.000   10.000000 10.000000   20     0     0     0     0   0.000    0.0  0
 249 SP100/NC                         4.000    A3   370  258     0     0     0     0     0  1  J   0   0 0.0 0.000
                             0.00     4.000   10.000000 10.000000    0     0     0     0     0   0.000    0.0  0
 250 SP200/NC                         4.000    A2   258    0     0     0     0     0     0  1  J   0   0 0.0 0.000
                             0.00     4.000   10.000000 10.000000    0     0     0     0     0   0.000    0.0  0
 251 V100_1_2                         0.878V   A1   270  259     0     0     0     0     0  0  Q   0   0 0.0 0.000
                             0.00V    0.878V  30.000000 30.000000   10     1     0     0     0   0.000    0.0  0
 252 V100_2_3                         0.789V   A1   270  269     0     0     0     0     0  0  Q   0   0 0.0 0.000
                             0.00V    0.789V  30.000000 30.000000   10     0     0     0     0   0.000    0.0  0
 253 V100_3_1_2                       5.000V   A1   259  269   270     0     0     0     0  0  Q   0   0 0.0 0.000
                             0.00V    0.300V  30.000000 -1.000000   10     4     0     0     0   0.000    0.0  0
 254 V101_1_/SG                       0.400V   C3   377  257     0     0     0     0     0  0  Q   0   0 0.0 0.000
                             0.00V    0.400V  30.000000 30.000000   10     1     0     0     0   0.000    0.0  0
 255 V101_2_3                         0.850V   C3   377  375     0     0     0     0     0  0  Q   0   0 0.0 0.000
                             0.00V    0.850V  30.000000 30.000000   10     1     0     0     0   0.000    0.0  0
 256 V101_3_1_2/IGBT                  5.000V   C3   257  375   377     0     0     0     0  1  Q   2   0 0.0 0.000
                             0.00V    9.000V  30.000000 30.000000   20     4     0     0     0   0.000    0.0  0
 257 V101_3_1_2/IGBT                   2.00V   C3   257  375   377     0     0     0     0  0  QH   0   0 0.0 0.000
                             0.00    150.00   30.000000 30.000000   20    12     0     0     0   0.000    0.0  0
 258 V102_1_2                         0.880V   C3   380  376     0     0     0     0     0  0  Q   0   0 0.0 0.000
                             0.00V    0.880V  30.000000 30.000000   10     1     0     0     0   0.000    0.0  0
 259 V102_2_3                         0.888V   C3   380  378     0     0     0     0     0  0  Q   0   0 0.0 0.000
                             0.00V    0.888V  30.000000 30.000000   10     1     0     0     0   0.000    0.0  0
 260 V102_3_1_2                       5.000V   C3   378  376   380     0     0     0     0  0  Q   0   0 0.0 0.000
                             0.00V    0.300V  30.000000 -1.000000   10     4     0     0     0   0.000    0.0  0
 261 V106_1_2/SP                      0.700V   A1   259    0     0     0     0     0     0  1  Q   0   0 0.0 0.000
                             0.00V    0.700V  30.000000 30.000000   10     1     0     0     0   0.000    0.0  0
 262 V106_2_3                         0.817V   A1   269  259     0     0     0     0     0  0  Q   0   0 0.0 0.000
                             0.00V    0.817V  30.000000 30.000000   10     1     0     0     0   0.000    0.0  0
 263 V106_3_4                         0.819V   A1   269  268     0     0     0     0     0  0  Q   0   0 0.0 0.000
                             0.00V    0.819V  30.000000 30.000000   10     1     0     0     0   0.000    0.0  0
 264 V106_4_1_2                       5.000V   A1   268  259   269     0     0     0     0  0  Q   0   0 0.0 0.000
                             0.00V    0.300V  30.000000 -1.000000   10     4     0     0     0   0.000    0.0  0
 265 V107_1_2                         0.850V   B2   317  355     0     0     0     0     0  0  Q   0   0 0.0 0.000
                             0.00V    0.850V  30.000000 30.000000   10     1     0     0     0   0.000    0.0  0
 266 V107_2_3                         0.840V   B2   317  315     0     0     0     0     0  0  Q   0   0 0.0 0.000
                             0.00V    0.840V  30.000000 30.000000   10     1     0     0     0   0.000    0.0  0
 267 V107_3_1_2                       5.000V   B2   315  355   317     0     0     0     0  0  Q   0   0 0.0 0.000
                             0.00V    0.300V  30.000000 -1.000000   10     4     0     0     0   0.000    0.0  0
 268 V108_1_2                         0.810V   B2   310  313     0     0     0     0     0  0  Q   0   0 0.0 0.000
                             0.00V    0.810V  30.000000 30.000000   10     1     0     0     0   0.000    0.0  0
 269 V108_2_3                         0.830V   B2   311  313     0     0     0     0     0  0  Q   0   0 0.0 0.000
                             0.00V    0.830V  30.000000 30.000000   10     1     0     0     0   0.000    0.0  0
 270 V108_3_1_2                       5.000V   B2   311  310   313     0     0     0     0  0  Q   0   0 0.0 0.000
                             0.00V    0.300V  30.000000 -1.000000   10     3     0     0     0   0.000    0.0  0
 271 V109_1_2                         0.908V   C1   296  291     0     0     0     0     0  0  Q   0   0 0.0 0.000
                             0.00V    0.908V  30.000000 30.000000   10     1     0     0     0   0.000    0.0  0
 272 V109_2_3                         0.859V   C1   296  292     0     0     0     0     0  0  Q   0   0 0.0 0.000
                             0.00V    0.859V  30.000000 30.000000   10     1     0     0     0   0.000    0.0  0
 273 V109_3_1_2                       5.000V   C1   291  292   296     0     0     0     0  0  Q   0   0 0.0 0.000
                             0.00V    0.300V  30.000000 -1.000000   10     4     0     0     0   0.000    0.0  0
 274 V110_1_2                         0.840V   B1   292  291     0     0     0     0     0  0  Q   0   0 0.0 0.000
                             0.00V    0.840V  30.000000 30.000000   10     1     0     0     0   0.000    0.0  0
 275 V110_2_3                         0.840V   B1   292  293     0     0     0     0     0  0  Q   0   0 0.0 0.000
                             0.00V    0.840V  30.000000 30.000000   10     1     0     0     0   0.000    0.0  0
 276 V110_3_1_2                       5.000V   B1   293  291   292     0     0     0     0  0  Q   0   0 0.0 0.000
                             0.00V    0.300V  30.000000 -1.000000   10     4     0     0     0   0.000    0.0  0
 277 V111_1_2                         0.908V   C1   264  296     0     0     0     0     0  0  Q   0   0 0.0 0.000
                             0.00V    0.908V  30.000000 30.000000   10     1     0     0     0   0.000    0.0  0
 278 V111_2_3                         0.928V   C1   264  258     0     0     0     0     0  0  Q   0   0 0.0 0.000
                             0.00V    0.928V  30.000000 30.000000   10     1     0     0     0   0.000    0.0  0
 279 V111_3_1_2                       5.000V   C1   296  258   264     0     0     0     0  0  Q   0   0 0.0 0.000
                             0.00V    0.300V  30.000000 -1.000000   10     4     0     0     0   0.000    0.0  0
 280 V112_1_2                         0.898V   C1   297  296     0     0     0     0     0  0  Q   0   0 0.0 0.000
                             0.00V    0.898V  30.000000 30.000000   10     1     0     0     0   0.000    0.0  0
 281 V112_2_3                         0.918V   C1   297  263     0     0     0     0     0  0  Q   0   0 0.0 0.000
                             0.00V    0.918V  30.000000 30.000000   10     1     0     0     0   0.000    0.0  0
 282 V112_3_1_2                       5.000V   C1   296  263   297     0     0     0     0  0  Q   0   0 0.0 0.000
                             0.00V    0.300V  30.000000 -1.000000   10     4     0     0     0   0.000    0.0  0
 283 V113_1_2                         0.850V   B2   317  355     0     0     0     0     0  0  Q   0   0 0.0 0.000
                             0.00V    0.850V  30.000000 30.000000   10     1     0     0     0   0.000    0.0  0
 284 V113_2_3                         0.840V   B2   317  316     0     0     0     0     0  0  Q   0   0 0.0 0.000
                             0.00V    0.840V  30.000000 30.000000   10     1     0     0     0   0.000    0.0  0
 285 V113_3_1_2                       5.000V   B2   316  355   317     0     0     0     0  0  Q   0   0 0.0 0.000
                             0.00V    0.300V  30.000000 -1.000000   10     4     0     0     0   0.000    0.0  0
 286 V114_1_2                         0.810V   B2   310  313     0     0     0     0     0  0  Q   0   0 0.0 0.000
                             0.00V    0.810V  30.000000 30.000000   10     1     0     0     0   0.000    0.0  0
 287 V114_2_3                         0.830V   B2   312  313     0     0     0     0     0  0  Q   0   0 0.0 0.000
                             0.00V    0.830V  30.000000 30.000000   10     1     0     0     0   0.000    0.0  0
 288 V114_3_1_2                       5.000V   B2   312  310   313     0     0     0     0  0  Q   0   0 0.0 0.000
                             0.00V    0.300V  30.000000 -1.000000   10     3     0     0     0   0.000    0.0  0
 289 V115_1_2                         0.908V   B2   318  355     0     0     0     0     0  0  Q   0   0 0.0 0.000
                             0.00V    0.908V  30.000000 30.000000   10     1     0     0     0   0.000    0.0  0
 290 V115_2_3                         0.859V   B2   318  317     0     0     0     0     0  0  Q   0   0 0.0 0.000
                             0.00V    0.859V  30.000000 30.000000   10     1     0     0     0   0.000    0.0  0
 291 V115_3_1_2                       5.000V   B2   317  355   318     0     0     0     0  0  Q   0   0 0.0 0.000
                             0.00V    0.300V  30.000000 -1.000000   10     4     0     0     0   0.000    0.0  0
 292 V116_1_2                         0.840V   B2   310  314     0     0     0     0     0  0  Q   0   0 0.0 0.000
                             0.00V    0.840V  30.000000 30.000000   10     1     0     0     0   0.000    0.0  0
 293 V116_2_3                         0.850V   B2   313  314     0     0     0     0     0  0  Q   0   0 0.0 0.000
                             0.00V    0.850V  30.000000 30.000000   10     1     0     0     0   0.000    0.0  0
 294 V116_3_1_2                       5.000V   B2   310  313   314     0     0     0     0  0  Q   0   0 0.0 0.000
                             0.00V    0.300V  30.000000 -1.000000   10     3     0     0     0   0.000    0.0  0
 295 V117_1_2                         0.840V   C1   292  291     0     0     0     0     0  0  Q   0   0 0.0 0.000
                             0.00V    0.840V  30.000000 30.000000   10     1     0     0     0   0.000    0.0  0
 296 V117_2_3                         0.840V   C1   292  295     0     0     0     0     0  0  Q   0   0 0.0 0.000
                             0.00V    0.840V  30.000000 30.000000   10     1     0     0     0   0.000    0.0  0
 297 V117_3_1_2                       5.000V   C1   295  291   292     0     0     0     0  0  Q   0   0 0.0 0.000
                             0.00V    0.300V  30.000000 -1.000000   10     4     0     0     0   0.000    0.0  0
 298 V200_1_2/NC                      0.700V   A1   273  271     0     0     0     0     0  1  Q   0   0 0.0 0.000
                             0.00V    0.700V  30.000000 30.000000   10     1     0     0     0   0.000    0.0  0
 299 V200_2_3/NC                      0.700V   A1   271  272     0     0     0     0     0  1  Q   0   0 0.0 0.000
                             0.00V    0.700V  30.000000 30.000000   10     1     0     0     0   0.000    0.0  0
 300 V200_3_1/NC                      0.700V   A1   272  273     0     0     0     0     0  1  Q   0   0 0.0 0.000
                             0.00V    0.700V  30.000000 30.000000   10     1     0     0     0   0.000    0.0  0
 301 V201_1_2                         0.918V   B1   277  328     0     0     0     0     0  0  Q   0   0 0.0 0.000
                             0.00V    0.918V  30.000000 30.000000   10     1     0     0     0   0.000    0.0  0
 302 V201_2_3                         0.928V   B1   277  258     0     0     0     0     0  0  Q   0   0 0.0 0.000
                             0.00V    0.928V  30.000000 30.000000   10     1     0     0     0   0.000    0.0  0
 303 V201_3_1_2                       5.000V   B1   328  258   277     0     0     0     0  0  Q   0   0 0.0 0.000
                             0.00V    0.300V  30.000000 -1.000000   10     4     0     0     0   0.000    0.0  0
 304 V202_1_2                         0.908V   B1   278  277     0     0     0     0     0  0  Q   0   0 0.0 0.000
                             0.00V    0.908V  30.000000 30.000000   10     1     0     0     0   0.000    0.0  0
 305 V202_2_3                         0.928V   B1   278  258     0     0     0     0     0  0  Q   0   0 0.0 0.000
                             0.00V    0.928V  30.000000 30.000000   10     1     0     0     0   0.000    0.0  0
 306 V202_3_1_2                       5.000V   B1   258  277   278     0     0     0     0  0  Q   0   0 0.0 0.000
                             0.00V    0.300V  30.000000 -1.000000   10     4     0     0     0   0.000    0.0  0
 307 V203_1_2/NC                      0.700V   A1   345  271     0     0     0     0     0  1  Q   0   0 0.0 0.000
                             0.00V    0.700V  30.000000 30.000000   10     1     0     0     0   0.000    0.0  0
 308 V203_2_3/NC                      0.700V   A1   271  335     0     0     0     0     0  1  Q   0   0 0.0 0.000
                             0.00V    0.700V  30.000000 30.000000   10     1     0     0     0   0.000    0.0  0
 309 V203_3_1/NC                      0.700V   A1   335  345     0     0     0     0     0  1  Q   0   0 0.0 0.000
                             0.00V    0.700V  30.000000 30.000000   10     1     0     0     0   0.000    0.0  0
 310 V204_1_2                         0.918V   B1   279  328     0     0     0     0     0  0  Q   0   0 0.0 0.000
                             0.00V    0.918V  30.000000 30.000000   10     1     0     0     0   0.000    0.0  0
 311 V204_2_3                         0.928V   B1   279  258     0     0     0     0     0  0  Q   0   0 0.0 0.000
                             0.00V    0.928V  30.000000 30.000000   10     1     0     0     0   0.000    0.0  0
 312 V204_3_1_2                       5.000V   B1   328  258   279     0     0     0     0  0  Q   0   0 0.0 0.000
                             0.00V    0.300V  30.000000 -1.000000   10     4     0     0     0   0.000    0.0  0
 313 C129/NC/C                       -1.000pF  A1   258  259     0     0     0     0     0  1  C   0   0 0.0 0.000
                             0.00pF   1.000pF 30.000000 30.000000    0     2     0     0     0   0.000    0.0  0
 314 C126/NC/C                       -1.000pF  A1   258  267     0     0     0     0     0  1  C   0   0 0.0 0.000
                             0.00pF   1.000pF 30.000000 30.000000    0     2     0     0     0   0.000    0.0  0
 315 C229/NC/C                       -1.000pF  B1   258  278     0     0     0     0     0  1  C   0   0 0.0 0.000
                             0.00pF   1.000pF 30.000000 30.000000    0     2     0     0     0   0.000    0.0  0
 316 C216/NC                         -1.000pF  A2   258  325     0     0     0     0     0  1  C   0   0 0.0 0.000
                             0.00pF   1.000pF 30.000000 30.000000    0     2     0     0     0   0.000    0.0  0
 317 C215/NC                         -1.000pF  A1   258  345     0     0     0     0     0  1  C   0   0 0.0 0.000
                             0.00pF   1.000pF 30.000000 30.000000    0     2     0     0     0   0.000    0.0  0
 318 C100/NC                         -1.000pF  A4   260  261     0     0     0     0     0  1  C   0   0 0.0 0.000
                             0.00pF   1.000pF 30.000000 30.000000    0     2     0     0     0   0.000    0.0  0
 319 C119/NC/C                       -1.000pF  D1   260  262     0     0     0     0     0  1  C   0   0 0.0 0.000
                             0.00pF   1.000pF 30.000000 30.000000    0     2     0     0     0   0.000    0.0  0
 320 C118/NC                         -1.000pF  B2   260  370     0     0     0     0     0  1  C   0   0 0.0 0.000
                             0.00pF   1.000pF 30.000000 30.000000    0     2     0     0     0   0.000    0.0  0
 321 C105/NC                         -1.000pF  D1   262  301     0     0     0     0     0  1  C   0   0 0.0 0.000
                             0.00pF   1.000pF 30.000000 30.000000    0     2     0     0     0   0.000    0.0  0
 322 C106/NC                         -1.000pF  D1   262  306     0     0     0     0     0  1  C   0   0 0.0 0.000
                             0.00pF   1.000pF 30.000000 30.000000    0     2     0     0     0   0.000    0.0  0
 323 C107/NC                         -1.000pF  C1   262  307     0     0     0     0     0  1  C   0   0 0.0 0.000
                             0.00pF   1.000pF 30.000000 30.000000    0     2     0     0     0   0.000    0.0  0
 324 C223/NC                         -1.000pF  B1   265  286     0     0     0     0     0  1  C   0   0 0.0 0.000
                             0.00pF   1.000pF 30.000000 30.000000    0     2     0     0     0   0.000    0.0  0
 325 C220/NC                         -1.000pF  B1   288  320     0     0     0     0     0  1  C   0   0 0.0 0.000
                             0.00pF   1.000pF 30.000000 30.000000    0     2     0     0     0   0.000    0.0  0
 326 C104/NC/C                       -1.000pF  E4   358  379     0     0     0     0     0  1  C   0   0 0.0 0.000
                             0.00pF   1.000pF 30.000000 30.000000    0     2     0     0     0   0.000    0.0  0
 327 C214/C201                        47.00pF  A2   258  327     0     0     0     0     0  1  C   0   0 0.0 0.000
                             0.00pF   47.00pF 30.000000 30.000000    0     2     0     3     0   0.000    0.0  0
 328 C211                             47.00pF  A1   258  275   331   273     0     0     0  0  C   0   0 0.0 0.000
                             0.00pF   47.00pF 60.000000 60.000000    0     2     0     3     0 125.908p   0.0  0
 329 C232                             47.00pF  A1   274  333   332     0     0     0     0  0  C   0   0 0.0 0.000
                             0.00pF   47.00pF 60.000000 60.000000    0     2     0     3     0  28.914p   0.0  0
 330 C204                            100.00pF  A1   258  331   275     0     0     0     0  0  C   0   0 0.0 0.000
                             0.00pF  100.00pF 30.000000 30.000000    0     2     0     3     0 197.114p   0.0  0
 331 C228                            100.00pF  A2   258  341     0     0     0     0     0  0  C   0   0 0.0 0.000
                             0.00pF  100.00pF 30.000000 30.000000    0     2     0     3     0 137.946p   0.0  0
 332 C217                            100.00pF  A1   274  332   333     0     0     0     0  0  C   0   0 0.0 0.000
                             0.00pF  100.00pF 30.000000 30.000000    0     2     0     3     0 133.480p   0.0  0
 333 C202                            220.00pF  A2   258  328   330     0     0     0     0  0  C   0   0 0.0 0.000
                             0.00pF  220.00pF 30.000000 30.000000    0     2     0     0     0  16.470p   0.0  0
 334 C203/IC                         220.00nF  A2   258  323     0     0     0     0     0  0  C   0   0 0.0 0.000
                             0.00nF   15.00nF 30.000000 30.000000    0     1     0     0     0   0.000    0.0  0
 335 C201/C                          330.00pF  A2   258  327     0     0     0     0     0  0  C   0   0 0.0 0.000
                             0.00pF  377.00pF 30.000000 30.000000    0     2     0     0     0 142.303p   0.0  0
 336 C101/C121                        4.700nF  A4   261  371     0     0     0     0     0  1  C   0   0 0.0 0.000
                             0.00nF   4.700nF 30.000000 30.000000    0     2     0     0     0   0.000    0.0  0
 337 C120/NC/C                         -1.0pF  D1   260  262     0     0     0     0     0  1  C   0   0 0.0 0.000
                             0.00pF  9999.0pF 30.000000 30.000000    0     2     0     0     0   0.000    0.0  0
 338 C131/NC/C                         -1.0pF  D3   358  379     0     0     0     0     0  1  C   0   0 0.0 0.000
                             0.00pF  9999.0pF 30.000000 30.000000    0     2     0     0     0   0.000    0.0  0
 339 C227                             10.00nF  A2   326  324     0     0     0     0     0  0  C   0   0 0.0 0.000
                             0.00nF   10.00nF 30.000000 30.000000    0     1     0     0     0   0.000    0.0  0
 340 C224                             10.00nF  B1   258  265     0     0     0     0     0  0  C   0   0 0.0 0.000
                             0.00nF   10.00nF 30.000000 30.000000    0     1     0     0     0   0.000    0.0  0
 341 C116                             10.00nF  C3   377  375   257     0     0     0     0  0  C   0   0 0.0 0.000
                             0.00nF   10.00nF 30.000000 30.000000    0     0     0     0     0   0.000    0.0  0
 342 C130/C117                        10.00nF  C4   377  380     0     0     0     0     0  1  C   0   0 0.0 0.000
                             0.00nF   10.00nF 30.000000 30.000000    0     2     0     0     0   0.000    0.0  0
 343 C117/C                           10.00nF  C4   377  380     0     0     0     0     0  0  C   0   0 0.0 0.000
                             0.00nF   20.00nF 30.000000 30.000000    0     2     0     0     0   0.000    0.0  0
 344 C230/C226                       100.00nF  A2   258  342     0     0     0     0     0  1  C   0   0 0.0 0.000
                             0.00nF  100.00nF 30.000000 30.000000    0     0     0     0     0   0.000    0.0  0
 345 C219                            100.00nF  B1   258  288     0     0     0     0     0  0  C   0   0 0.0 0.000
                             0.00nF  100.00nF 30.000000 30.000000    0     2     0     0     0   0.000    0.0  0
 346 C207                            100.00nF  B1   258  282     0     0     0     0     0  0  C   0   0 0.0 0.000
                             0.00nF  100.00nF 30.000000 30.000000    0     2     0     0     0   0.000    0.0  0
 347 C222/C208                       100.00nF  B1   258  330     0     0     0     0     0  1  C   0   0 0.0 0.000
                             0.00nF  100.00nF 30.000000 30.000000    0     0     0     0     0   0.000    0.0  0
 348 C221/C125                       100.00nF  B1   258  267     0     0     0     0     0  1  C   0   0 0.0 0.000
                             0.00nF  100.00nF 30.000000 30.000000    0     0     0     0     0   0.000    0.0  0
 349 C218                            100.00nF  B1   258  319     0     0     0     0     0  0  C   0   0 0.0 0.000
                             0.00nF  100.00nF 30.000000 30.000000    0     1     0     0     0   0.000    0.0  0
 350 C205/C125                       100.00nF  A2   258  349     0     0     0     0     0  1  C   0   0 0.0 0.000
                             0.00nF  100.00nF 30.000000 30.000000    0     0     0     0     0   0.000    0.0  0
 351 C225/C                          100.00nF  A1   258  278     0     0     0     0     0  0  C   0   0 0.0 0.000
                             0.00nF  100.00nF 30.000000 30.000000    0     0     0     0     0   0.000    0.0  0
 352 C231/C208                       100.00nF  B1   258  330     0     0     0     0     0  1  C   0   0 0.0 0.000
                             0.00nF  100.00nF 30.000000 30.000000    0     0     0     0     0   0.000    0.0  0
 353 C212/C127                       100.00nF  B1   258  268     0     0     0     0     0  1  C   0   0 0.0 0.000
                             0.00nF  100.00nF 30.000000 30.000000    0     0     0     0     0   0.000    0.0  0
 354 C226/C                          100.00nF  A2   258  342     0     0     0     0     0  0  C   0   0 0.0 0.000
                             0.00nF  200.00nF 30.000000 30.000000    0     1     0     0     0   0.000    0.0  0
 355 C128/C                           1.000uF  A1   258  259     0     0     0     0     0  0  C   0   0 0.0 0.000
                             0.00uF   1.000uF 30.000000 30.000000    0     1     0     0     0   0.000    0.0  0
 356 C209/C125                        1.000uF  A1   258  336     0     0     0     0     0  1  C   0   0 0.0 0.000
                             0.00uF   1.000uF 30.000000 30.000000    0     0     0     0     0   0.000    0.0  0
 357 C210/C125                        1.000uF  A1   258  336     0     0     0     0     0  1  C   0   0 0.0 0.000
                             0.00uF   1.000uF 30.000000 30.000000    0     0     0     0     0   0.000    0.0  0
 358 C206/C125                        1.000uF  A2   258  349     0     0     0     0     0  1  C   0   0 0.0 0.000
                             0.00uF   1.000uF 30.000000 30.000000    0     0     0     0     0   0.000    0.0  0
 359 C213                             1.000uF  A1   258  329     0     0     0     0     0  0  C   0   0 0.0 0.000
                             0.00uF   1.000uF 30.000000 30.000000    0     1     0     0     0   0.000    0.0  0
 360 C109                             1.000uF  C3   375  376     0     0     0     0     0  0  C   0   0 0.0 0.000
                             0.00uF   1.000uF 30.000000 30.000000    0     1     0     0     0   0.000    0.0  0
 361 C127/C                           1.000uF  A1   258  268     0     0     0     0     0  0  C   0   0 0.0 0.000
                             0.00uF   1.100uF 30.000000 30.000000    0     1     0     0     0   0.000    0.0  0
 362 C208/C                           1.000uF  A1   258  330     0     0     0     0     0  0  C   0   0 0.0 0.000
                             0.00uF   1.200uF 30.000000 30.000000    0     1     0     0     0   0.000    0.0  0
 363 C123/C125                        10.00uF  A1   258  267     0     0     0     0     0  1  C   0   0 0.0 0.000
                             0.00uF   10.00uF 30.000000 30.000000    0     0     0     0     0   0.000    0.0  0
 364 C122/C125                        10.00uF  A1   258  267     0     0     0     0     0  1  C   0   0 0.0 0.000
                             0.00uF   10.00uF 30.000000 30.000000    0     0     0     0     0   0.000    0.0  0
 365 C124/C125                        10.00uF  A1   258  267     0     0     0     0     0  1  C   0   0 0.0 0.000
                             0.00uF   10.00uF 30.000000 30.000000    0     0     0     0     0   0.000    0.0  0
 366 C125/C                           10.00uF  A1   258  267     0     0     0     0     0  0  C   0   0 0.0 0.000
                             0.00uF   43.20uF 30.000000 30.000000   30     4     0    68     0   0.000    0.0  0
 367 C102/C121                       150.00uF  B4   261  371     0     0     0     0     0  0  C   0   0 0.0 0.000
                             0.00uF  300.00uF 30.000000 30.000000   20     4     0    68     0   0.000    0.0  0
 368 C111/C133                       150.00uF  A3   370  371     0     0     0     0     0  0  C   0   0 0.0 0.000
                             0.00uF  300.00uF 30.000000 30.000000    0     4     0    68     0   0.000    0.0  0
 369 C133/C                          150.00uF  B3   370  371     0     0     0     0     0  0  C   0   0 0.0 0.000
                             0.00uF  300.00uF 30.000000 30.000000    0     4     0    68     0   0.000    0.0  0
 370 C121/C                          150.00uF  A4   261  371     0     0     0     0     0  0  C   0   0 0.0 0.000
                             0.00uF  300.00uF 30.000000 30.000000    0     4     0    68     0   0.000    0.0  0
 371 IC200_2_11                       0.648V   A2   258  326     0     0     0     0     0  0  U   0   0 0.0 0.000
                             0.00V    0.648V  30.000000 30.000000    0     2     0     5     0   0.000    0.0  0
 372 IC200_3_11                       0.567V   A2   258  327     0     0     0     0     0  0  U   0   0 0.0 0.000
                             0.00V    0.567V  30.000000 30.000000    0     2     0     5     0   0.000    0.0  0
 373 IC200_4_11                       0.597V   A2   258  323     0     0     0     0     0  0  U   0   0 0.0 0.000
                             0.00V    0.597V  30.000000 30.000000    0     2     0     5     0   0.000    0.0  0
 374 IC200_5_11                       0.651V   A2   258  328     0     0     0     0     0  0  U   0   0 0.0 0.000
                             0.00V    0.651V  30.000000 30.000000    0     2     0     5     0   0.000    0.0  0
 375 IC200_8_11                       0.648V   A2   258  331     0     0     0     0     0  0  U   0   0 0.0 0.000
                             0.00V    0.648V  30.000000 30.000000    0     2     0     5     0   0.000    0.0  0
 376 IC200_9_11                       0.654V   A2   258  332     0     0     0     0     0  0  U   0   0 0.0 0.000
                             0.00V    0.654V  30.000000 30.000000    0     2     0     5     0   0.000    0.0  0
 377 IC200_10_11                      0.827V   A2   258  274     0     0     0     0     0  0  U   0   0 0.0 0.000
                             0.00V    0.827V  30.000000 30.000000    0     2     0     5     0   0.000    0.0  0
 378 IC200_12_11                      0.459V   A2   258  336     0     0     0     0     0  0  U   0   0 0.0 0.000
                             0.00V    0.459V  30.000000 30.000000   20     2     0     5     0   0.000    0.0  0
 379 IC200_15_11                      0.712V   A2   258  334     0     0     0     0     0  0  U   0   0 0.0 0.000
                             0.00V    0.712V  30.000000 30.000000    0     2     0     5     0   0.000    0.0  0
 380 IC200_16_11                      0.720V   A2   258  339     0     0     0     0     0  0  U   0   0 0.0 0.000
                             0.00V    0.720V  30.000000 30.000000    0     2     0     5     0   0.000    0.0  0
 381 IC200_18_11                      0.441V   A2   258  330     0     0     0     0     0  0  U   0   0 0.0 0.000
                             0.00V    0.441V  30.000000 30.000000    0     2     0     5     0   0.000    0.0  0
 382 IC200_19_11                      0.651V   A2   258  340     0     0     0     0     0  0  U   0   0 0.0 0.000
                             0.00V    0.651V  30.000000 30.000000    0     2     0     5     0   0.000    0.0  0
 383 IC200_20_11                      0.645V   A2   258  342     0     0     0     0     0  0  U   0   0 0.0 0.000
                             0.00V    0.645V  30.000000 30.000000    0     2     0     5     0   0.000    0.0  0
 384 IC201_2_3                        2.000V   A2   258  338     0     0     0     0     0  0  U   0   0 0.0 0.000
                             0.00V    2.000V  30.000000 30.000000    0     2     0     5     0   0.000    0.0  0
 385 IC201_4_3                        2.000V   A2   258  337     0     0     0     0     0  0  U   0   0 0.0 0.000
                             0.00V    2.000V  30.000000 30.000000    0     2     0     5     0   0.000    0.0  0
 386 IC201_5_3                        0.234V   A2   258  344     0     0     0     0     0  0  U   0   0 0.0 0.000
                             0.00V    0.234V  30.000000 30.000000   10     2     0     5     0   0.000    0.0  0
 387 IC201_6_3                        0.435V   A2   258  349     0     0     0     0     0  0  U   0   0 0.0 0.000
                             0.00V    0.435V  30.000000 30.000000   20     2     0     5     0   0.000    0.0  0
 388 IC201_7_3                        0.234V   A2   258  343     0     0     0     0     0  0  U   0   0 0.0 0.000
                             0.00V    0.234V  30.000000 30.000000    0     2     0     5     0   0.000    0.0  0
 389 IC203_5_1                        0.847V   B1   258  282     0     0     0     0     0  0  U   0   0 0.0 0.000
                             0.00V    0.847V  30.000000 30.000000    0     2     0     5     0   0.000    0.0  0
 390 IC203_6_1                        0.822V   B1   258  329     0     0     0     0     0  0  U   0   0 0.0 0.000
                             0.00V    0.822V  30.000000 30.000000   10     2     0     5     0   0.000    0.0  0
 391 IC203_7_1                        0.634V   B1   258  281     0     0     0     0     0  0  U   0   0 0.0 0.000
                             0.00V    0.634V  30.000000 30.000000    0     2     0     5     0   0.000    0.0  0
 392 IC203_8_1                        0.558V   B1   258  268     0     0     0     0     0  0  U   0   0 0.0 0.000
                             0.00V    0.558V  30.000000 30.000000   10     2     0     5     0   0.000    0.0  0
 393 IC206_1_4                        0.793V   B1   258  287     0     0     0     0     0  0  U   0   0 0.0 0.000
                             0.00V    0.793V  30.000000 30.000000    0     2     0     5     0   0.000    0.0  0
 394 IC206_2_4                        0.943V   B1   258  265     0     0     0     0     0  0  U   0   0 0.0 0.000
                             0.00V    0.943V  30.000000 30.000000    0     2     0     5     0   0.000    0.0  0
 395 IC206_3_4                        0.907V   B1   258  286     0     0     0     0     0  0  U   0   0 0.0 0.000
                             0.00V    0.907V  30.000000 30.000000    0     2     0     5     0   0.000    0.0  0
 396 IC206_5_4                        0.905V   B1   258  320     0     0     0     0     0  0  U   0   0 0.0 0.000
                             0.00V    0.905V  30.000000 30.000000    0     2     0     5     0   0.000    0.0  0
 397 IC206_6_4                        0.951V   B1   258  288     0     0     0     0     0  0  U   0   0 0.0 0.000
                             0.00V    0.951V  30.000000 30.000000    0     2     0     5     0   0.000    0.0  0
 398 IC206_7_4                        0.813V   B1   258  284     0     0     0     0     0  0  U   0   0 0.0 0.000
                             0.00V    0.813V  30.000000 30.000000    0     2     0     5     0   0.000    0.0  0
 399 IC206_8_4                        0.448V   B1   258  267     0     0     0     0     0  0  U   0   0 0.0 0.000
                             0.00V    0.448V  30.000000 30.000000   20     2     0     5     0   0.000    0.0  0
